ImageSum_ID-simArc_0.5.csv,0,2.008683760191574,1.5551767760184
ImageSum_ID-simArc_0.5.csv,0,2.0084614726179,1.5435688400250442
ImageSum_ID-simArc_0.5.csv,0,2.006772990363151,1.5431134491453213
ImageSum_ID-simArc_0.5.csv,0,2.0087771564211505,1.5523780139806305
ImageSum_ID-simArc_0.5.csv,0,2.005946491052085,1.5684237260166147
ImageSum_ID-simArc_0.5.csv,0,2.00730453556203,1.5703117062949385
ImageSum_ID-simArc_0.5.csv,0,2.0099720024389507,1.5533717973744856
ImageSum_ID-simArc_0.5.csv,0,2.013978692153381,1.5440076460297902
ImageSum_ID-simArc_0.5.csv,0,2.0059688146423094,1.5675793223868386
ImageSum_ID-simArc_0.5.csv,0,2.010844425035077,1.5520387944852707
ImageSum_ID-simArc_0.5.csv,0,2.0095372829175586,1.5662795278773403
ImageSum_ID-simArc_0.5.csv,0,2.015894080714256,1.5671903096367858
ImageSum_ID-simArc_0.5.csv,0,2.0133027690144343,1.566734918757063
ImageSum_ID-simArc_0.5.csv,0,2.0080012036683925,1.550184022586663
ImageSum_ID-simArc_0.5.csv,0,2.0056431356620097,1.5621975562050485
ImageSum_ID-simArc_0.5.csv,0,2.0116720064943103,1.5368374860790621
ImageSum_ID-simArc_0.5.csv,0,2.008415492027461,1.5560709729028692
ImageSum_ID-simArc_0.5.csv,0,2.0061594811304575,1.553727601744822
ImageSum_ID-simArc_0.5.csv,0,2.016521489400918,1.5453074405392888
ImageSum_ID-simArc_0.5.csv,0,2.014042608194494,1.528367531618836
ImageSum_ID-simArc_0.5.csv,0,2.00968700846932,1.548900812952141
ImageSum_ID-simArc_0.5.csv,0,2.0110575735592557,1.5680845065212548
ImageSum_ID-simArc_0.5.csv,0,2.0046911223847137,1.5505398269569997
ImageSum_ID-simArc_0.5.csv,0,2.0048296868112154,1.5563769840185127
ImageSum_ID-simArc_0.5.csv,0,2.016127146234845,1.5712224880543844
ImageSum_ID-simArc_0.53.csv,0,1.899469298105443,1.5652359512287919
ImageSum_ID-simArc_0.53.csv,0,1.908807237972845,1.5644911341084027
ImageSum_ID-simArc_0.53.csv,0,1.9163000581437244,1.5641021213583495
ImageSum_ID-simArc_0.53.csv,0,1.9168375616979083,1.5458126246737047
ImageSum_ID-simArc_0.53.csv,0,1.912373785578272,1.5350988855648176
ImageSum_ID-simArc_0.53.csv,0,1.9038866650362658,1.5693677161557764
ImageSum_ID-simArc_0.53.csv,0,1.9138310283771098,1.5368706944587789
ImageSum_ID-simArc_0.53.csv,0,1.9039849224132166,1.5684237260166147
ImageSum_ID-simArc_0.53.csv,0,1.9020989724478747,1.5702121197855523
ImageSum_ID-simArc_0.53.csv,0,1.9109218602498974,1.5395698699871623
ImageSum_ID-simArc_0.53.csv,0,1.9063883580485685,1.5689787034057237
ImageSum_ID-simArc_0.53.csv,0,1.9139288913838144,1.551633196860241
ImageSum_ID-simArc_0.53.csv,0,1.9032734890494625,1.5537773949995155
ImageSum_ID-simArc_0.53.csv,0,1.9126322930359714,1.534237897060065
ImageSum_ID-simArc_0.53.csv,0,1.9142942170644053,1.5271175303640305
ImageSum_ID-simArc_0.53.csv,0,1.9052860125711648,1.5728615020592427
ImageSum_ID-simArc_0.53.csv,0,1.9075024952292396,1.5502836090960492
ImageSum_ID-simArc_0.53.csv,0,1.9095010406254243,1.558753563556276
ImageSum_ID-simArc_0.53.csv,0,1.9108936187545429,1.547195420817613
ImageSum_ID-simArc_0.53.csv,0,1.9087468462870072,1.5591591611813054
ImageSum_ID-simArc_0.53.csv,0,1.9072507713458764,1.574360469587514
ImageSum_ID-simArc_0.53.csv,0,1.9157562952757052,1.5623137275894117
ImageSum_ID-simArc_0.53.csv,0,1.920251598548578,1.5574205606670608
ImageSum_ID-simArc_0.53.csv,0,1.903143731915845,1.5644413408537092
ImageSum_ID-simArc_0.53.csv,0,1.912329887429738,1.528856130878275
ImageSum_ID-simArc_0.56.csv,0,1.8053170049052312,1.561013933079913
ImageSum_ID-simArc_0.56.csv,0,1.8010830740975918,1.5746996890828735
ImageSum_ID-simArc_0.56.csv,0,1.8121188438769078,1.5427078515202917
ImageSum_ID-simArc_0.56.csv,0,1.8094148238695402,1.5588199416859456
ImageSum_ID-simArc_0.56.csv,0,1.8141889687873791,1.5596145520610283
ImageSum_ID-simArc_0.56.csv,0,1.8058600590054648,1.5583147575515297
ImageSum_ID-simArc_0.56.csv,0,1.800263552308038,1.5732670996842724
ImageSum_ID-simArc_0.56.csv,0,1.8083700378404721,1.5454402354283914
ImageSum_ID-simArc_0.56.csv,0,1.8036823872238748,1.5635471439692405
ImageSum_ID-simArc_0.56.csv,0,1.8155612872983125,1.535148678819511
ImageSum_ID-simArc_0.56.csv,0,1.8018014654844645,1.5572711809029813
ImageSum_ID-simArc_0.56.csv,0,1.8011317239858784,1.568779530386951
ImageSum_ID-simArc_0.56.csv,0,1.8063831606760128,1.542575056631189
ImageSum_ID-simArc_0.56.csv,0,1.8093783047353182,1.5524443921103004
ImageSum_ID-simArc_0.56.csv,0,1.8100861774010122,1.548900812952141
ImageSum_ID-simArc_0.56.csv,0,1.801032428121559,1.571677878934107
ImageSum_ID-simArc_0.56.csv,0,1.8142262640608227,1.5463012239331442
ImageSum_ID-simArc_0.56.csv,0,1.8032849416328054,1.5661301481132608
ImageSum_ID-simArc_0.56.csv,0,1.8075358092817104,1.5385428782135908
ImageSum_ID-simArc_0.56.csv,0,1.8136017407009675,1.5324495032911274
ImageSum_ID-simArc_0.56.csv,0,1.8067755967201993,1.5691114982948264
ImageSum_ID-simArc_0.56.csv,0,1.8100095024906377,1.5400584692466013
ImageSum_ID-simArc_0.56.csv,0,1.8093370871961039,1.5703780844246082
ImageSum_ID-simArc_0.56.csv,0,1.8090249303619397,1.5551767760184
ImageSum_ID-simArc_0.56.csv,0,1.8144481668148889,1.533749297800626
ImageSum_ID-simArc_0.59.csv,0,1.6992323298532936,1.5715284991700278
ImageSum_ID-simArc_0.59.csv,0,1.709872782077009,1.5454402354283914
ImageSum_ID-simArc_0.59.csv,0,1.7144312676475866,1.548578216961521
ImageSum_ID-simArc_0.59.csv,0,1.7063496109346263,1.5568323748982351
ImageSum_ID-simArc_0.59.csv,0,1.711211350671656,1.5565595721623084
ImageSum_ID-simArc_0.59.csv,0,1.6973257058447693,1.5755108843329326
ImageSum_ID-simArc_0.59.csv,0,1.7068799519642992,1.556526363782592
ImageSum_ID-simArc_0.59.csv,0,1.6966961565035743,1.5745668941937707
ImageSum_ID-simArc_0.59.csv,0,1.7015275336678897,1.5665855389929837
ImageSum_ID-simArc_0.59.csv,0,1.7116250325345175,1.5440574392844835
ImageSum_ID-simArc_0.59.csv,0,1.7100721094357303,1.5365148900884424
ImageSum_ID-simArc_0.59.csv,0,1.7134522682410247,1.5508220016101817
ImageSum_ID-simArc_0.59.csv,0,1.7086067757462355,1.5529827846244328
ImageSum_ID-simArc_0.59.csv,0,1.7141748304631144,1.5503334023507422
ImageSum_ID-simArc_0.59.csv,0,1.7121931598387736,1.5423022538952622
ImageSum_ID-simArc_0.59.csv,0,1.7014571160849228,1.5684403108915914
ImageSum_ID-simArc_0.59.csv,0,1.6975403535922908,1.5764548744720948
ImageSum_ID-simArc_0.59.csv,0,1.709731937687645,1.5561539745372786
ImageSum_ID-simArc_0.59.csv,0,1.696672891958244,1.5674797358774524
ImageSum_ID-simArc_0.59.csv,0,1.704446682795288,1.5666851255023697
ImageSum_ID-simArc_0.59.csv,0,1.6988767566432479,1.5621643478253322
ImageSum_ID-simArc_0.59.csv,0,1.7087310733538543,1.5561041812825855
ImageSum_ID-simArc_0.59.csv,0,1.7104992172969802,1.5503334023507422
ImageSum_ID-simArc_0.59.csv,0,1.7123538734589445,1.5499278047257126
ImageSum_ID-simArc_0.59.csv,0,1.7128047317304842,1.5342876903147584
ImageSum_ID-simArc_0.62.csv,0,1.6054756712523937,1.5775316595003597
ImageSum_ID-simArc_0.62.csv,0,1.5971514220243255,1.5826312510289675
ImageSum_ID-simArc_0.62.csv,0,1.599540618979181,1.562114554570639
ImageSum_ID-simArc_0.62.csv,0,1.6095631769610208,1.547195420817613
ImageSum_ID-simArc_0.62.csv,0,1.6141594002218242,1.5530657862588422
ImageSum_ID-simArc_0.62.csv,0,1.6065223097967203,1.5694340942854463
ImageSum_ID-simArc_0.62.csv,0,1.5997156980554212,1.5533385889947693
ImageSum_ID-simArc_0.62.csv,0,1.6031052609744105,1.554182992624545
ImageSum_ID-simArc_0.62.csv,0,1.606538939804512,1.5502836090960492
ImageSum_ID-simArc_0.62.csv,0,1.6097628232082304,1.5427576447749847
ImageSum_ID-simArc_0.62.csv,0,1.6021939864216748,1.5610471414596294
ImageSum_ID-simArc_0.62.csv,0,1.6033815445339035,1.5708666836840477
ImageSum_ID-simArc_0.62.csv,0,1.608411535202384,1.5655679191366674
ImageSum_ID-simArc_0.62.csv,0,1.6107609349534266,1.5628853284832607
ImageSum_ID-simArc_0.62.csv,0,1.6042169572340053,1.5488510196974479
ImageSum_ID-simArc_0.62.csv,0,1.5939719036071516,1.5678853335024823
ImageSum_ID-simArc_0.62.csv,0,1.61294638992784,1.570899892063764
ImageSum_ID-simArc_0.62.csv,0,1.5956800200849728,1.5495958368178375
ImageSum_ID-simArc_0.62.csv,0,1.601326203275966,1.5585709754124797
ImageSum_ID-simArc_0.62.csv,0,1.6153263283713872,1.5410522526404566
ImageSum_ID-simArc_0.62.csv,0,1.610083471831409,1.5628853284832607
ImageSum_ID-simArc_0.62.csv,0,1.6058253104134665,1.5494392054662736
ImageSum_ID-simArc_0.62.csv,0,1.5973590585699156,1.5661467329882373
ImageSum_ID-simArc_0.62.csv,0,1.6106223244357623,1.5570481714217477
ImageSum_ID-simArc_0.62.csv,0,1.6020430530949767,1.5626529470847714
ImageSum_ID-simArc_0.67.csv,0,1.5014860049246244,1.554365580768341
ImageSum_ID-simArc_0.67.csv,0,1.4940733806957165,1.5759164819579625
ImageSum_ID-simArc_0.67.csv,0,1.511317010308199,1.5544651672777272
ImageSum_ID-simArc_0.67.csv,0,1.501733191647573,1.5483956288177254
ImageSum_ID-simArc_0.67.csv,0,1.4981678712208202,1.5518064130867817
ImageSum_ID-simArc_0.67.csv,0,1.4941861871935573,1.5790544634910921
ImageSum_ID-simArc_0.67.csv,0,1.5011138247578981,1.5625699454503619
ImageSum_ID-simArc_0.67.csv,0,1.4948624025725565,1.5617089569456093
ImageSum_ID-simArc_0.67.csv,0,1.497376592497441,1.5652027428490756
ImageSum_ID-simArc_0.67.csv,0,1.505933638354454,1.5460688425346552
ImageSum_ID-simArc_0.67.csv,0,1.4939629884309071,1.5621975562050485
ImageSum_ID-simArc_0.67.csv,0,1.4984460203179395,1.5750720783281869
ImageSum_ID-simArc_0.67.csv,0,1.4951477368901827,1.568829323641644
ImageSum_ID-simArc_0.67.csv,0,1.501152699414147,1.5567327883888489
ImageSum_ID-simArc_0.67.csv,0,1.5050787639745284,1.5604921640705205
ImageSum_ID-simArc_0.67.csv,0,1.5131347207970447,1.5615855339737619
ImageSum_ID-simArc_0.67.csv,0,1.514524590291136,1.554415374023034
ImageSum_ID-simArc_0.67.csv,0,1.5094734594213506,1.559747346950131
ImageSum_ID-simArc_0.67.csv,0,1.5001264279229494,1.5631913395989039
ImageSum_ID-simArc_0.67.csv,0,1.5149940858742845,1.5633241344880064
ImageSum_ID-simArc_0.67.csv,0,1.4918509336259795,1.5554827871340435
ImageSum_ID-simArc_0.67.csv,0,1.5158767640477298,1.5593915425797944
ImageSum_ID-simArc_0.67.csv,0,1.509905310851158,1.5561539745372786
ImageSum_ID-simArc_0.67.csv,0,1.4928801617055942,1.568340724382205
ImageSum_ID-simArc_0.67.csv,0,1.4980364435851885,1.5709901066558953
ImageSum_ID-simArc_0.71.csv,0,1.3932780115553767,1.5670741382524227
ImageSum_ID-simArc_0.71.csv,0,1.411493315176918,1.5597971402048243
ImageSum_ID-simArc_0.71.csv,0,1.4010397188719774,1.5586539770468897
ImageSum_ID-simArc_0.71.csv,0,1.3925302060136149,1.557221387648288
ImageSum_ID-simArc_0.71.csv,0,1.396641296439217,1.5559215931387895
ImageSum_ID-simArc_0.71.csv,0,1.3930661240652014,1.5630917530895176
ImageSum_ID-simArc_0.71.csv,0,1.4151196758411053,1.5647733087615847
ImageSum_ID-simArc_0.71.csv,0,1.3990279232230771,1.5657743437429243
ImageSum_ID-simArc_0.71.csv,0,1.3951684009038183,1.5505398269569997
ImageSum_ID-simArc_0.71.csv,0,1.4174839137026531,1.533931885944422
ImageSum_ID-simArc_0.71.csv,0,1.3965799229701612,1.5693179229010834
ImageSum_ID-simArc_0.71.csv,0,1.3945396602707212,1.5670741382524227
ImageSum_ID-simArc_0.71.csv,0,1.4076335864919292,1.5526767735087894
ImageSum_ID-simArc_0.71.csv,0,1.3932744557965524,1.5577099869077276
ImageSum_ID-simArc_0.71.csv,0,1.396918835709941,1.5567493732638256
ImageSum_ID-simArc_0.71.csv,0,1.4089424557800592,1.566967300155552
ImageSum_ID-simArc_0.71.csv,0,1.3995312072716302,1.5719673051747736
ImageSum_ID-simArc_0.71.csv,0,1.4037909073004353,1.5511280127258251
ImageSum_ID-simArc_0.71.csv,0,1.4123173698796707,1.5356704864586666
ImageSum_ID-simArc_0.71.csv,0,1.4154374477158362,1.5415076435201795
ImageSum_ID-simArc_0.71.csv,0,1.4003209349966834,1.5595481739313584
ImageSum_ID-simArc_0.71.csv,0,1.3984533608718364,1.5630917530895176
ImageSum_ID-simArc_0.71.csv,0,1.4006270378823948,1.55013422933197
ImageSum_ID-simArc_0.71.csv,0,1.400198244741871,1.5456964532893418
ImageSum_ID-simArc_0.71.csv,0,1.4146412558355168,1.5597971402048243
ImageSum_ID-simArc_0.77.csv,0,1.2932890237196375,1.5586041837921962
ImageSum_ID-simArc_0.77.csv,0,1.2989178720075791,1.5440076460297902
ImageSum_ID-simArc_0.77.csv,0,1.2930475188699728,1.5443136571454337
ImageSum_ID-simArc_0.77.csv,0,1.3093259331883902,1.5592421628157151
ImageSum_ID-simArc_0.77.csv,0,1.3140912530871358,1.5620409248534848
ImageSum_ID-simArc_0.77.csv,0,1.3115843208568956,1.5620409248534848
ImageSum_ID-simArc_0.77.csv,0,1.3058101758616856,1.5574039757920841
ImageSum_ID-simArc_0.77.csv,0,1.2998062709809177,1.5657245504882311
ImageSum_ID-simArc_0.77.csv,0,1.2938881952279988,1.54434686552515
ImageSum_ID-simArc_0.77.csv,0,1.315191168328825,1.5605917505799065
ImageSum_ID-simArc_0.77.csv,0,1.29335189136898,1.55551599551376
ImageSum_ID-simArc_0.77.csv,0,1.2997854538935258,1.5707007190449915
ImageSum_ID-simArc_0.77.csv,0,1.2985892631402243,1.5674631123727127
ImageSum_ID-simArc_0.77.csv,0,1.299604715897959,1.5586539770468897
ImageSum_ID-simArc_0.77.csv,0,1.3138957113309115,1.5607411303439864
ImageSum_ID-simArc_0.77.csv,0,1.3058884316702963,1.5659735167616968
ImageSum_ID-simArc_0.77.csv,0,1.2979025904384158,1.5661135246085212
ImageSum_ID-simArc_0.77.csv,0,1.3011994305237997,1.555010811379344
ImageSum_ID-simArc_0.77.csv,0,1.2983783833910478,1.5581487929124735
ImageSum_ID-simArc_0.77.csv,0,1.305315458079664,1.5511778059805184
ImageSum_ID-simArc_0.77.csv,0,1.2952436093692132,1.5674133191180197
ImageSum_ID-simArc_0.77.csv,0,1.299063946832696,1.5647639368443294
ImageSum_ID-simArc_0.77.csv,0,1.302423534443799,1.5519724163556008
ImageSum_ID-simArc_0.77.csv,0,1.3112627580556886,1.5392140656168258
ImageSum_ID-simArc_0.77.csv,0,1.312012818975697,1.5535211771385653
ImageSum_ID-simArc_0.83.csv,0,1.1950435357989158,1.5724226960544965
ImageSum_ID-simArc_0.83.csv,0,1.1923303799237688,1.5639859499739863
ImageSum_ID-simArc_0.83.csv,0,1.2023861270841127,1.5443966587798432
ImageSum_ID-simArc_0.83.csv,0,1.2137312781031127,1.5691114982948264
ImageSum_ID-simArc_0.83.csv,0,1.217763928213014,1.544595831798616
ImageSum_ID-simArc_0.83.csv,0,1.1935963293421614,1.5604423708158273
ImageSum_ID-simArc_0.83.csv,0,1.2068156965106027,1.5678780819149978
ImageSum_ID-simArc_0.83.csv,0,1.2031463497865793,1.5573541825373909
ImageSum_ID-simArc_0.83.csv,0,1.1981808319595617,1.5612701509408635
ImageSum_ID-simArc_0.83.csv,0,1.2013784047597431,1.5564101923982288
ImageSum_ID-simArc_0.83.csv,0,1.1989046138286872,1.5573541825373909
ImageSum_ID-simArc_0.83.csv,0,1.197988384345134,1.5599371480516484
ImageSum_ID-simArc_0.83.csv,0,1.197613332720721,1.5398758811028055
ImageSum_ID-simArc_0.83.csv,0,1.2009361535387444,1.5443966587798432
ImageSum_ID-simArc_0.83.csv,0,1.2155942275938387,1.5494392054662736
ImageSum_ID-simArc_0.83.csv,0,1.1976525717690545,1.5626363622097947
ImageSum_ID-simArc_0.83.csv,0,1.200812643137568,1.568573105780694
ImageSum_ID-simArc_0.83.csv,0,1.1961750901669561,1.5608147600611406
ImageSum_ID-simArc_0.83.csv,0,1.1960258231030851,1.567951711632152
ImageSum_ID-simArc_0.83.csv,0,1.1924192550793038,1.5608479684408572
ImageSum_ID-simArc_0.83.csv,0,1.2046837202567922,1.5519226231009076
ImageSum_ID-simArc_0.83.csv,0,1.1945355535964894,1.5759994835923723
ImageSum_ID-simArc_0.83.csv,0,1.1929961759879637,1.548345835563032
ImageSum_ID-simArc_0.83.csv,0,1.203321156551817,1.5474848470582796
ImageSum_ID-simArc_0.83.csv,0,1.2042709104378306,1.5623469359691282
ImageSum_ID-simArc_0.91.csv,0,1.1005950736310517,1.5725554909435993
ImageSum_ID-simArc_0.91.csv,0,1.1031908683783562,1.5676789088962249
ImageSum_ID-simArc_0.91.csv,0,1.0954773698557307,1.5568655832779517
ImageSum_ID-simArc_0.91.csv,0,1.0941406145618973,1.5541497842448284
ImageSum_ID-simArc_0.91.csv,0,1.0965287472842238,1.5572711809029813
ImageSum_ID-simArc_0.91.csv,0,1.0965014057492413,1.5497120082022005
ImageSum_ID-simArc_0.91.csv,0,1.0989417364507448,1.5591093679266121
ImageSum_ID-simArc_0.91.csv,0,1.0948545459112213,1.5550439811292975
ImageSum_ID-simArc_0.91.csv,0,1.0967165590470414,1.561725541820586
ImageSum_ID-simArc_0.91.csv,0,1.1059874612837617,1.5649797333678417
ImageSum_ID-simArc_0.91.csv,0,1.1016740016188016,1.56089776169555
ImageSum_ID-simArc_0.91.csv,0,1.0955873617572631,1.558620768667173
ImageSum_ID-simArc_0.91.csv,0,1.0910343444975126,1.5510948043461088
ImageSum_ID-simArc_0.91.csv,0,1.106578542749855,1.5569651697873377
ImageSum_ID-simArc_0.91.csv,0,1.1072857527812066,1.5569651697873377
ImageSum_ID-simArc_0.91.csv,0,1.0966210049386242,1.5707173039199682
ImageSum_ID-simArc_0.91.csv,0,1.0948187821592668,1.5671737247618092
ImageSum_ID-simArc_0.91.csv,0,1.1054279234440776,1.54972863170694
ImageSum_ID-simArc_0.91.csv,0,1.1070646463394482,1.5457462465440348
ImageSum_ID-simArc_0.91.csv,0,1.1060714988140596,1.5694175094104696
ImageSum_ID-simArc_0.91.csv,0,1.1034385629577241,1.561841751834712
ImageSum_ID-simArc_0.91.csv,0,1.09658807643032,1.5479568228129792
ImageSum_ID-simArc_0.91.csv,0,1.1054160209685506,1.5519724163556008
ImageSum_ID-simArc_0.91.csv,0,1.107007575054623,1.5511280127258251
ImageSum_ID-simArc_0.91.csv,0,1.1079119891643876,1.568622899035387
ImageSum_ID-simArc_1.11.csv,0,0.8946276118093859,1.5646975587146594
ImageSum_ID-simArc_1.11.csv,0,0.8943602856673177,1.5741115033140478
ImageSum_ID-simArc_1.11.csv,0,0.8954585644523798,1.5475844335676658
ImageSum_ID-simArc_1.11.csv,0,0.9033529216053051,1.5765544609814812
ImageSum_ID-simArc_1.11.csv,0,0.9041904151901033,1.5665855389929837
ImageSum_ID-simArc_1.11.csv,0,0.8976741045857083,1.5710731082903047
ImageSum_ID-simArc_1.11.csv,0,0.8997851375786448,1.5640523281036562
ImageSum_ID-simArc_1.11.csv,0,0.8938424033710318,1.5539838196057723
ImageSum_ID-simArc_1.11.csv,0,0.8998094280304527,1.5581155845327572
ImageSum_ID-simArc_1.11.csv,0,0.8951521378879567,1.5475844335676658
ImageSum_ID-simArc_1.11.csv,0,0.896566914352103,1.5718677186653873
ImageSum_ID-simArc_1.11.csv,0,0.8998763828079824,1.57505549345321
ImageSum_ID-simArc_1.11.csv,0,0.8942468355235662,1.5663625295117498
ImageSum_ID-simArc_1.11.csv,0,0.8985169603150437,1.5368872793337556
ImageSum_ID-simArc_1.11.csv,0,0.9009192920523994,1.5548780164902414
ImageSum_ID-simArc_1.11.csv,0,0.899583575711464,1.5845690245619848
ImageSum_ID-simArc_1.11.csv,0,0.8938710073406988,1.5665357457382902
ImageSum_ID-simArc_1.11.csv,0,0.8984267086848712,1.5574039757920841
ImageSum_ID-simArc_1.11.csv,0,0.9036280214794684,1.550250400716333
ImageSum_ID-simArc_1.11.csv,0,0.9023004733501845,1.5476010184426425
ImageSum_ID-simArc_1.11.csv,0,0.9018577772403065,1.5583147575515297
ImageSum_ID-simArc_1.11.csv,0,0.8909952788672234,1.5578925750515231
ImageSum_ID-simArc_1.11.csv,0,0.8955071532651261,1.5547545935183935
ImageSum_ID-simArc_1.11.csv,0,0.9043064273143979,1.5796426492599178
ImageSum_ID-simArc_1.11.csv,0,0.9023755511707189,1.5539838196057723
ImageSum_ID-simArc_1.25.csv,0,0.7972324783557713,1.584436229672882
ImageSum_ID-simArc_1.25.csv,0,0.8023613948591929,1.5649631098631018
ImageSum_ID-simArc_1.25.csv,0,0.8031790468899094,1.5676954937712015
ImageSum_ID-simArc_1.25.csv,0,0.7971165559875081,1.5619579618488382
ImageSum_ID-simArc_1.25.csv,0,0.8072741026350623,1.560020149686058
ImageSum_ID-simArc_1.25.csv,0,0.7938397615283188,1.571379119405948
ImageSum_ID-simArc_1.25.csv,0,0.7927676627335868,1.5628095784363352
ImageSum_ID-simArc_1.25.csv,0,0.8037320521776863,1.5650129031177948
ImageSum_ID-simArc_1.25.csv,0,0.7925284200965119,1.5539433982683344
ImageSum_ID-simArc_1.25.csv,0,0.7989199322090484,1.561013933079913
ImageSum_ID-simArc_1.25.csv,0,0.8023228053856103,1.573772283818688
ImageSum_ID-simArc_1.25.csv,0,0.7936919227515654,1.5441238560439163
ImageSum_ID-simArc_1.25.csv,0,0.8020150285259476,1.5769102653518177
ImageSum_ID-simArc_1.25.csv,0,0.7978584387307006,1.5723231095451102
ImageSum_ID-simArc_1.25.csv,0,0.8023029402528056,1.576156114943936
ImageSum_ID-simArc_1.25.csv,0,0.8007435199178388,1.5663459060070102
ImageSum_ID-simArc_1.25.csv,0,0.7937011607655244,1.5752619180594671
ImageSum_ID-simArc_1.25.csv,0,0.7931202486143136,1.560665380297061
ImageSum_ID-simArc_1.25.csv,0,0.8005981130315425,1.5813480413944456
ImageSum_ID-simArc_1.25.csv,0,0.8018153896250036,1.5606415438345997
ImageSum_ID-simArc_1.25.csv,0,0.8005646455677657,1.5557317534075095
ImageSum_ID-simArc_1.25.csv,0,0.8018236170511643,1.561063726334606
ImageSum_ID-simArc_1.25.csv,0,0.8031889486285821,1.5676954937712015
ImageSum_ID-simArc_1.25.csv,0,0.8007861747031549,1.5744673076843845
ImageSum_ID-simArc_1.25.csv,0,0.8029302787149785,1.5677359537384028
ImageSum_ID-simArc_1.43.csv,0,0.7035040589425196,1.5584475524406323
ImageSum_ID-simArc_1.43.csv,0,0.6967866242966202,1.5491498178553698
ImageSum_ID-simArc_1.43.csv,0,0.7008640335205979,1.5642017078677357
ImageSum_ID-simArc_1.43.csv,0,0.7011847465691639,1.5570315479170078
ImageSum_ID-simArc_1.43.csv,0,0.7007290603019479,1.564457925728686
ImageSum_ID-simArc_1.43.csv,0,0.6927976932016239,1.5804943044771778
ImageSum_ID-simArc_1.43.csv,0,0.7003094976661141,1.5406300701404503
ImageSum_ID-simArc_1.43.csv,0,0.6981943200287115,1.5455730303174942
ImageSum_ID-simArc_1.43.csv,0,0.7030090657812365,1.5615523255940456
ImageSum_ID-simArc_1.43.csv,0,0.702969892430225,1.555193360893377
ImageSum_ID-simArc_1.43.csv,0,0.7046448073552638,1.561469323959636
ImageSum_ID-simArc_1.43.csv,0,0.7037639738882655,1.5659901016366737
ImageSum_ID-simArc_1.43.csv,0,0.6958024491481973,1.5567421603061042
ImageSum_ID-simArc_1.43.csv,0,0.7020700549314248,1.5536041787729746
ImageSum_ID-simArc_1.43.csv,0,0.6962020129661498,1.5433790389235271
ImageSum_ID-simArc_1.43.csv,0,0.6931983398004976,1.5872754516778529
ImageSum_ID-simArc_1.43.csv,0,0.6992283810617012,1.558969360079788
ImageSum_ID-simArc_1.43.csv,0,0.6989403748503398,1.5478002300911784
ImageSum_ID-simArc_1.43.csv,0,0.6955422340960439,1.5389412628808992
ImageSum_ID-simArc_1.43.csv,0,0.6992792015697008,1.5473282157067159
ImageSum_ID-simArc_1.43.csv,0,0.6961379926518267,1.5562867694263813
ImageSum_ID-simArc_1.43.csv,0,0.696275982876749,1.5589029433203552
ImageSum_ID-simArc_1.43.csv,0,0.704541775135973,1.565907100002264
ImageSum_ID-simArc_1.43.csv,0,0.7016623314232776,1.5756270557172958
ImageSum_ID-simArc_1.43.csv,0,0.703459326749618,1.5783003130832103
ImageSum_ID-simArc_1.67.csv,0,0.596399699609457,1.5626767835472326
ImageSum_ID-simArc_1.67.csv,0,0.6032880141794412,1.568805487179183
ImageSum_ID-simArc_1.67.csv,0,0.6027357749064317,1.5430232345531905
ImageSum_ID-simArc_1.67.csv,0,0.5999364891851954,1.5629351217379537
ImageSum_ID-simArc_1.67.csv,0,0.605689419067658,1.5898252474421566
ImageSum_ID-simArc_1.67.csv,0,0.6027271959665208,1.5695668891745491
ImageSum_ID-simArc_1.67.csv,0,0.596502144068076,1.568713113627518
ImageSum_ID-simArc_1.67.csv,0,0.5999326403350207,1.5287659162861442
ImageSum_ID-simArc_1.67.csv,0,0.5970422732142083,1.5791613015879629
ImageSum_ID-simArc_1.67.csv,0,0.5980356523192903,1.5871924500434431
ImageSum_ID-simArc_1.67.csv,0,0.5970661010812518,1.5406964482701204
ImageSum_ID-simArc_1.67.csv,0,0.6038735363521717,1.5576861504452664
ImageSum_ID-simArc_1.67.csv,0,0.5975214787508013,1.5488105983600102
ImageSum_ID-simArc_1.67.csv,0,0.6027975943980622,1.5787722888379099
ImageSum_ID-simArc_1.67.csv,0,0.6029779306451618,1.5787722888379099
ImageSum_ID-simArc_1.67.csv,0,0.5938953020674337,1.5666591687101379
ImageSum_ID-simArc_1.67.csv,0,0.5995491957436844,1.5612297296034254
ImageSum_ID-simArc_1.67.csv,0,0.6007637994958263,1.5796166924676855
ImageSum_ID-simArc_1.67.csv,0,0.5990863068080869,1.5889808438123811
ImageSum_ID-simArc_1.67.csv,0,0.602352071621546,1.582249489866399
ImageSum_ID-simArc_1.67.csv,0,0.5970329338057772,1.5734403159108128
ImageSum_ID-simArc_1.67.csv,0,0.60068631274476,1.532715093069333
ImageSum_ID-simArc_1.67.csv,0,0.5992956133639795,1.552254591008783
ImageSum_ID-simArc_1.67.csv,0,0.5982089138225613,1.5693510926510368
ImageSum_ID-simArc_1.67.csv,0,0.6024080283198624,1.5767276772080219
ImageSum_ID-simArc_1.csv,0,0.9987891875110062,1.569773313780806
ImageSum_ID-simArc_1.csv,0,0.9952470458737628,1.5568655832779517
ImageSum_ID-simArc_1.csv,0,1.0075396905309022,1.566734918757063
ImageSum_ID-simArc_1.csv,0,1.0077506825265554,1.5497452165819168
ImageSum_ID-simArc_1.csv,0,1.0038941963944008,1.5626529470847714
ImageSum_ID-simArc_1.csv,0,1.0002885229395633,1.572961088568629
ImageSum_ID-simArc_1.csv,0,1.001371296387176,1.5715617075497441
ImageSum_ID-simArc_1.csv,0,0.9960615923747055,1.5582483794218598
ImageSum_ID-simArc_1.csv,0,1.0065637794186575,1.561353152575273
ImageSum_ID-simArc_1.csv,0,1.0075699326405818,1.5622473494597418
ImageSum_ID-simArc_1.csv,0,0.9989667385395243,1.5666851255023697
ImageSum_ID-simArc_1.csv,0,0.9979214605008587,1.5689289101510306
ImageSum_ID-simArc_1.csv,0,1.0024511746581557,1.5600533580657743
ImageSum_ID-simArc_1.csv,0,1.0000600223333445,1.5421694590061592
ImageSum_ID-simArc_1.csv,0,1.0058660061430165,1.5444132436548197
ImageSum_ID-simArc_1.csv,0,0.996944622703315,1.5675295291321456
ImageSum_ID-simArc_1.csv,0,1.0025148526594276,1.550233815841356
ImageSum_ID-simArc_1.csv,0,1.0055272660741703,1.5698729002901926
ImageSum_ID-simArc_1.csv,0,1.0051990122838657,1.5661799413679538
ImageSum_ID-simArc_1.csv,0,1.0088010241991123,1.5675793223868386
ImageSum_ID-simArc_1.csv,0,0.9947598784117708,1.561353152575273
ImageSum_ID-simArc_1.csv,0,0.9993349407946084,1.5689289101510306
ImageSum_ID-simArc_1.csv,0,0.9907481776376835,1.5587037703015827
ImageSum_ID-simArc_1.csv,0,0.9900744887116841,1.5569153765326451
ImageSum_ID-simArc_1.csv,0,1.000774509774262,1.5627027403394644
ImageSum_ID-simArc_10.csv,0,0.10094024560863185,1.5727026344886188
ImageSum_ID-simArc_10.csv,0,0.10429936246783002,1.5346839932820588
ImageSum_ID-simArc_10.csv,0,0.10178416996175557,1.5635088043318104
ImageSum_ID-simArc_10.csv,0,0.10147968888821944,1.56052020256276
ImageSum_ID-simArc_10.csv,0,0.1055964858075167,1.5630129534848864
ImageSum_ID-simArc_10.csv,0,0.10196591401481646,1.4991153681816016
ImageSum_ID-simArc_10.csv,0,0.10340728116351136,1.4965821572922742
ImageSum_ID-simArc_10.csv,0,0.10167120722962963,1.5257845661045786
ImageSum_ID-simArc_10.csv,0,0.10073223863392415,1.5959517534848102
ImageSum_ID-simArc_10.csv,0,0.10581586180022506,1.5691258469507434
ImageSum_ID-simArc_10.csv,0,0.1016025688596513,1.6080483273673685
ImageSum_ID-simArc_10.csv,0,0.0968829367133956,1.6126023520538857
ImageSum_ID-simArc_10.csv,0,0.0893924312570984,1.5489081417991517
ImageSum_ID-simArc_10.csv,0,0.10036307407638295,1.5585253841875653
ImageSum_ID-simArc_10.csv,0,0.1035287916630584,1.5867869296779396
ImageSum_ID-simArc_10.csv,0,0.10177870880496764,1.5196486495149066
ImageSum_ID-simArc_10.csv,0,0.09394866647280235,1.5181092220194348
ImageSum_ID-simArc_10.csv,0,0.10177415660576306,1.6037268385983925
ImageSum_ID-simArc_10.csv,0,0.10490864687864114,1.593741177215866
ImageSum_ID-simArc_10.csv,0,0.10543509201921414,1.5691258469507434
ImageSum_ID-simArc_10.csv,0,0.10013631102688973,1.5735968313730877
ImageSum_ID-simArc_10.csv,0,0.10659884066647139,1.550055429727339
ImageSum_ID-simArc_10.csv,0,0.10808064110407777,1.5744217164594698
ImageSum_ID-simArc_10.csv,0,0.10257784431766698,1.5605699958174533
ImageSum_ID-simArc_10.csv,0,0.09568114079702453,1.5743180051798311
ImageSum_ID-simArc_2.5.csv,0,0.40046990413324207,1.5541000296198983
ImageSum_ID-simArc_2.5.csv,0,0.3951542827061292,1.5405304836310638
ImageSum_ID-simArc_2.5.csv,0,0.4066630707150344,1.5148239424222336
ImageSum_ID-simArc_2.5.csv,0,0.4070382281239961,1.5318136445973796
ImageSum_ID-simArc_2.5.csv,0,0.4021787131508386,1.583532660871158
ImageSum_ID-simArc_2.5.csv,0,0.40190119866944235,1.5472545859895612
ImageSum_ID-simArc_2.5.csv,0,0.40335486314621644,1.5303644703238017
ImageSum_ID-simArc_2.5.csv,0,0.4054506205432829,1.5424775904515735
ImageSum_ID-simArc_2.5.csv,0,0.40481218262903834,1.5478593566333636
ImageSum_ID-simArc_2.5.csv,0,0.4056237378551278,1.5410782094326885
ImageSum_ID-simArc_2.5.csv,0,0.3991976306231921,1.5866374340245708
ImageSum_ID-simArc_2.5.csv,0,0.39820734924039536,1.5351891387867116
ImageSum_ID-simArc_2.5.csv,0,0.403655056082467,1.5478593566333636
ImageSum_ID-simArc_2.5.csv,0,0.40634791404339576,1.5403333923122993
ImageSum_ID-simArc_2.5.csv,0,0.39545245466946904,1.5689859549932081
ImageSum_ID-simArc_2.5.csv,0,0.39414090039590666,1.5991063585226795
ImageSum_ID-simArc_2.5.csv,0,0.3949170145249903,1.5795502757082527
ImageSum_ID-simArc_2.5.csv,0,0.39351515971047646,1.562271185922203
ImageSum_ID-simArc_2.5.csv,0,0.39414970607897587,1.5519060382259309
ImageSum_ID-simArc_2.5.csv,0,0.39667043447848116,1.5644579643584489
ImageSum_ID-simArc_2.5.csv,0,0.3915431271380608,1.5572286006060096
ImageSum_ID-simArc_2.5.csv,0,0.4009639307083887,1.5667089619648311
ImageSum_ID-simArc_2.5.csv,0,0.3980038423594516,1.553834439841693
ImageSum_ID-simArc_2.5.csv,0,0.40362180774048934,1.528120685675141
ImageSum_ID-simArc_2.5.csv,0,0.40189395082307466,1.5680087564743297
ImageSum_ID-simArc_2.csv,0,0.4972981978005535,1.55376802308226
ImageSum_ID-simArc_2.csv,0,0.4948373643684464,1.5746571087859018
ImageSum_ID-simArc_2.csv,0,0.49346704187099955,1.5629683301176702
ImageSum_ID-simArc_2.csv,0,0.49979803847621795,1.564664350334943
ImageSum_ID-simArc_2.csv,0,0.4960232746032428,1.5685139406087456
ImageSum_ID-simArc_2.csv,0,0.49386177086683025,1.5764455025548396
ImageSum_ID-simArc_2.csv,0,0.4962835708833406,1.6067319479828932
ImageSum_ID-simArc_2.csv,0,0.5010440278213873,1.52628249865151
ImageSum_ID-simArc_2.csv,0,0.5003051570914684,1.558762935473531
ImageSum_ID-simArc_2.csv,0,0.501975648476333,1.5561446026200234
ImageSum_ID-simArc_2.csv,0,0.49744281509504934,1.5622877707971798
ImageSum_ID-simArc_2.csv,0,0.49620176927053966,1.562785741973874
ImageSum_ID-simArc_2.csv,0,0.49955073638826797,1.569052333122878
ImageSum_ID-simArc_2.csv,0,0.5012948651260621,1.580427887717745
ImageSum_ID-simArc_2.csv,0,0.5032903792122244,1.580427887717745
ImageSum_ID-simArc_2.csv,0,0.4976006724802801,1.569813735118244
ImageSum_ID-simArc_2.csv,0,0.49869404950629226,1.5622877707971798
ImageSum_ID-simArc_2.csv,0,0.5014846161661264,1.5240387140028495
ImageSum_ID-simArc_2.csv,0,0.49770307194035773,1.5538603966339248
ImageSum_ID-simArc_2.csv,0,0.49714121560312763,1.5662795278773403
ImageSum_ID-simArc_2.csv,0,0.5031366331929713,1.5730938834577317
ImageSum_ID-simArc_2.csv,0,0.5037734626572843,1.5454163989659304
ImageSum_ID-simArc_2.csv,0,0.4975073624144964,1.56570071402577
ImageSum_ID-simArc_2.csv,0,0.4975213595613333,1.5731343047951696
ImageSum_ID-simArc_2.csv,0,0.5023318872018301,1.5804776809724381
ImageSum_ID-simArc_3.33.csv,0,0.297913980163748,1.581694435217764
ImageSum_ID-simArc_3.33.csv,0,0.2953964821948237,1.562204807792533
ImageSum_ID-simArc_3.33.csv,0,0.29979811059669853,1.5377908481354796
ImageSum_ID-simArc_3.33.csv,0,0.307869381465059,1.5394889886825234
ImageSum_ID-simArc_3.33.csv,0,0.3022874456381571,1.5919527834469283
ImageSum_ID-simArc_3.33.csv,0,0.2978469711127421,1.5304547235456956
ImageSum_ID-simArc_3.33.csv,0,0.3008528197297125,1.5409288296686092
ImageSum_ID-simArc_3.33.csv,0,0.29340074905178504,1.555565827398216
ImageSum_ID-simArc_3.33.csv,0,0.29113561729989873,1.5461518827988279
ImageSum_ID-simArc_3.33.csv,0,0.29968524071911545,1.5676529907337562
ImageSum_ID-simArc_3.33.csv,0,0.2971191555757744,1.5776954651798822
ImageSum_ID-simArc_3.33.csv,0,0.29446704892666636,1.5835658692508745
ImageSum_ID-simArc_3.33.csv,0,0.3009593786250898,1.5325086684630762
ImageSum_ID-simArc_3.33.csv,0,0.29208293864966556,1.5548210102778268
ImageSum_ID-simArc_3.33.csv,0,0.3010041842786004,1.6005057781713274
ImageSum_ID-simArc_3.33.csv,0,0.29583078595485746,1.5941633597158724
ImageSum_ID-simArc_3.33.csv,0,0.2989648212154625,1.582638463986689
ImageSum_ID-simArc_3.33.csv,0,0.2985273620245726,1.5831436867508681
ImageSum_ID-simArc_3.33.csv,0,0.2995709293745997,1.5540761931574372
ImageSum_ID-simArc_3.33.csv,0,0.3015291746455224,1.6079984954829125
ImageSum_ID-simArc_3.33.csv,0,0.2998023519862491,1.5371860774916775
ImageSum_ID-simArc_3.33.csv,0,0.3069018408934961,1.5579776583859406
ImageSum_ID-simArc_3.33.csv,0,0.2988934636359441,1.560615625672131
ImageSum_ID-simArc_3.33.csv,0,0.3027506702167668,1.588036853673219
ImageSum_ID-simArc_3.33.csv,0,0.2999978977365547,1.591530600946922
ImageSum_ID-simArc_5.csv,0,0.20049253360707292,1.5911084184469155
ImageSum_ID-simArc_5.csv,0,0.19480582254454912,1.5663698197289972
ImageSum_ID-simArc_5.csv,0,0.19920722966685717,1.5406300701404503
ImageSum_ID-simArc_5.csv,0,0.19713454486194287,1.541424680515533
ImageSum_ID-simArc_5.csv,0,0.19919099182742894,1.6094145386363
ImageSum_ID-simArc_5.csv,0,0.20076124874861032,1.5901145577935343
ImageSum_ID-simArc_5.csv,0,0.19790841150371394,1.584799208371177
ImageSum_ID-simArc_5.csv,0,0.199165373778903,1.5168592207646292
ImageSum_ID-simArc_5.csv,0,0.19627939052068563,1.5354381436899407
ImageSum_ID-simArc_5.csv,0,0.1922848294993823,1.5743013816750915
ImageSum_ID-simArc_5.csv,0,0.20212714217077787,1.5916302647158345
ImageSum_ID-simArc_5.csv,0,0.1969658941429955,1.5368375247088253
ImageSum_ID-simArc_5.csv,0,0.1950703040823974,1.5845265215245392
ImageSum_ID-simArc_5.csv,0,0.20429737833719647,1.5920856555955571
ImageSum_ID-simArc_5.csv,0,0.20366132862936928,1.5974010050179142
ImageSum_ID-simArc_5.csv,0,0.1916405165563564,1.5780678157954322
ImageSum_ID-simArc_5.csv,0,0.20062256760540434,1.5932691628314035
ImageSum_ID-simArc_5.csv,0,0.19662677560641897,1.5365719735603829
ImageSum_ID-simArc_5.csv,0,0.19692467865972893,1.4999691050988693
ImageSum_ID-simArc_5.csv,0,0.20221109305880586,1.5910087546780032
ImageSum_ID-simArc_5.csv,0,0.20108962238683556,1.5370460310150904
ImageSum_ID-simArc_5.csv,0,0.20765480379719875,1.5556840804825869
ImageSum_ID-simArc_5.csv,0,0.20224141698144546,1.5500035547726378
ImageSum_ID-simArc_5.csv,0,0.20012352162962294,1.5375418818620141
ImageSum_ID-simArc_5.csv,0,0.20112490885108789,1.5963739359848166
